=====================================================================
PHASE 1 - Worker Registration
=====================================================================


Waiting for workers to register...
Worker 5001 registered from 10.125.46.32!

*********************************************************************
Total 1 workers detected: [5001]
*********************************************************************

Model estimated size: 12.27 MB
Minimum workers required: 2
Not enough workers! Required: 2, Available: 1
Not enough workers! Required: 2, Available: 1
Worker 5002 registered from 10.125.46.32!
Waiting 10s before sending model to workers...

+------------+--------------+--------+-----------+
|   Worker # | IP           |   Port | Status    |
+============+==============+========+===========+
|          1 | 10.125.46.32 |   5001 | Connected |
+------------+--------------+--------+-----------+
|          2 | 10.125.46.32 |   5002 | Connected |
+------------+--------------+--------+-----------+


=====================================================================
PHASE 2 - Model Distribution
=====================================================================

Sending model part 1/2 to Worker 5001...
Model part 1 sent to Worker 5001!
Sending model part 2/2 to Worker 5002...
Model part 2 sent to Worker 5002!


=====================================================================
PHASE 3 - Collecting Results
=====================================================================

Received result from Worker 37310: tensor([[ 0.2025,  0.0172,  0.6746, -0.5641, -0.7606, -0.2926, -0.4523,  0.5996,
         -0.5703, -0.6023],
        [ 0.3923,  0.0706,  0.1821,  0.0422,  0.0992,  0.0580, -0.1537,  0.2786,
         -0.3723,  0.1531],
        [-0.3377, -0.1672,  0.1075,  0.6976,  0.0386, -0.5730, -0.5362,  0.1626,
         -0.0336, -0.2648],
        [ 0.6209,  0.4532,  0.2087, -0.1396,  0.6023, -0.1346,  0.3911,  0.2708,
         -0.9474,  0.2600]], requires_grad=True)
Received result from Worker 37390: tensor([[[[ 2.5691e-01,  1.0516e-01, -3.8507e-01,  4.0685e-01,  3.5024e-01,
            1.5779e-01],
          [ 1.1171e-01, -8.3085e-02, -6.5008e-02, -2.8360e-02, -1.2421e-01,
            1.2524e-01],
          [ 1.6319e-01,  5.8105e-02,  2.6830e-01,  1.0333e-01, -1.9503e-01,
           -5.9208e-02],
          [-1.8309e-01, -9.9654e-02,  5.0284e-01, -2.8803e-01,  1.7264e-01,
           -1.4653e-01],
          [-9.1199e-02,  2.8549e-01, -8.4500e-02, -1.9879e-01,  1.1799e-01,
            1.3350e-02],
          [ 3.9554e-02,  2.0634e-01,  1.2678e-01, -9.4482e-02,  9.0747e-02,
           -8.8348e-02]],

         [[-3.1848e-02,  7.9719e-02, -9.6455e-02, -2.2383e-01, -3.3151e-02,
           -4.1740e-03],
          [ 9.8226e-02, -3.1237e-01,  3.5063e-01,  1.7560e-01, -1.5320e-01,
           -3.6169e-02],
          [-2.1356e-01, -5.3780e-02, -1.6470e-01,  3.0308e-02,  2.1303e-01,
           -3.2795e-01],
          [ 1.0004e-02, -1.2040e-01,  9.1969e-02, -7.2309e-02,  2.8225e-01,
            1.2701e-01],
          [-1.9556e-02,  2.2060e-01, -1.9293e-01,  1.4782e-01, -3.0274e-01,
            1.4335e-01],
          [-6.8786e-02, -5.9246e-02,  1.0463e-01,  1.4663e-01,  9.9640e-02,
            2.3519e-01]],

         [[-2.8496e-01,  3.7889e-01, -1.0081e-02,  1.4115e-01,  3.4952e-03,
            1.8405e-01],
          [-1.3799e-01,  7.4149e-02,  1.9384e-01, -1.6885e-01, -4.3324e-02,
            5.0451e-02],
          [ 4.5056e-02,  1.9953e-01,  1.4743e-01,  1.8622e-01,  4.0144e-01,
            4.9008e-02],
          [-2.8508e-02, -1.7460e-01,  9.7013e-02,  4.8765e-03,  5.3212e-01,
            1.3153e-01],
          [-1.4545e-02,  2.8063e-01, -3.0451e-01,  3.0807e-01,  5.1554e-02,
            9.0783e-03],
          [ 1.5458e-01,  3.8484e-02,  1.1403e-01, -2.8317e-03, -3.8291e-01,
            1.1588e-01]],

         ...,

         [[-4.3584e-02,  1.5083e-01, -1.4280e-01, -4.6663e-01,  1.6578e-01,
           -1.1519e-01],
          [-6.1583e-02,  1.3185e-01,  1.0335e-01, -2.2971e-01, -2.1803e-02,
           -1.6174e-01],
          [ 8.8741e-03,  2.2921e-01, -5.6669e-02,  1.7103e-01, -1.0369e-01,
           -2.7021e-01],
          [-1.3980e-01, -2.4432e-01, -1.2497e-01,  5.3713e-02,  1.6949e-01,
           -1.3762e-01],
          [ 2.6164e-01, -4.2710e-02, -1.1320e-01,  1.6126e-01, -3.8533e-01,
           -2.5035e-02],
          [ 9.4711e-02, -3.1509e-01, -5.7685e-02,  6.4654e-02, -3.1797e-01,
           -3.9033e-03]],

         [[ 1.3729e-01, -6.6700e-02,  2.4417e-02,  2.1074e-01, -1.7918e-01,
            1.2632e-01],
          [-2.5890e-01, -4.9510e-02,  3.7316e-01,  2.1749e-01,  2.7514e-01,
            9.5207e-02],
          [ 2.4921e-01,  5.8884e-02,  4.7763e-02, -1.9213e-01,  4.8732e-02,
            3.2801e-01],
          [-3.1962e-02,  5.6585e-01,  1.6688e-01, -5.0053e-02,  3.8314e-01,
            1.3400e-01],
          [-9.9012e-02,  1.5703e-01, -1.5922e-02,  3.1020e-01,  3.9368e-02,
            1.4132e-01],
          [ 3.1122e-01,  1.2371e-02,  1.5674e-02,  2.2672e-01, -1.0722e-03,
           -2.1415e-01]],

         [[-2.1182e-01, -3.6408e-02,  6.3385e-02, -3.7937e-01,  9.1716e-02,
           -2.6667e-01],
          [ 3.0445e-01,  5.8915e-02, -3.2961e-01,  1.3011e-01, -1.8643e-01,
           -7.3844e-02],
          [-9.7791e-02,  2.3491e-01,  3.9009e-02, -7.5119e-02,  4.9423e-02,
           -1.1744e-01],
          [-1.5679e-01, -2.1752e-01, -3.4828e-02, -5.2230e-02, -9.0481e-02,
            3.4303e-02],
          [ 1.8965e-01,  2.1769e-01,  4.6465e-03,  1.9334e-01,  1.3879e-03,
           -1.8920e-01],
          [-1.0339e-01, -2.5389e-01, -1.1777e-01, -6.4981e-02, -2.8486e-02,
            1.4790e-01]]],


        [[[ 5.0287e-01, -1.2966e-01, -5.5863e-01,  4.0220e-01,  9.6647e-02,
            1.2740e-01],
          [ 7.2854e-01, -1.3709e-01, -3.7445e-01,  3.4379e-01,  1.1008e-01,
            6.1033e-02],
          [ 4.1646e-01, -3.8868e-01,  6.7814e-01, -1.7194e-01,  9.7677e-02,
            2.3834e-01],
          [ 1.1705e-01, -1.5637e-01,  1.4660e-01, -6.1119e-01,  2.4823e-01,
            2.9044e-01],
          [-4.3150e-02,  2.7572e-01,  5.3701e-03, -1.6824e-01,  1.5260e-01,
            2.1478e-01],
          [-3.5807e-02,  2.3862e-01, -2.7847e-01,  2.9974e-01, -1.5612e-01,
            2.0546e-01]],

         [[-1.1565e-01,  1.0055e-01, -2.4945e-01, -3.4413e-01, -9.7988e-02,
            6.9969e-02],
          [-3.3124e-01, -1.5162e-01,  1.1677e-01, -3.5619e-01, -1.0450e-01,
            1.1767e-01],
          [-3.0678e-01, -3.0257e-01, -1.3476e-01, -2.4364e-01, -5.4262e-01,
           -9.3455e-02],
          [-5.3611e-01,  2.5272e-01, -7.5891e-01, -3.6508e-02, -5.4391e-01,
           -3.7738e-01],
          [-1.9180e-01, -6.0208e-02, -2.8621e-01,  2.9964e-02, -1.7162e-01,
           -3.5074e-02],
          [-1.0113e-01,  1.9123e-01, -1.0055e-01,  2.2219e-01, -5.8067e-02,
           -3.8793e-02]],

         [[-2.9865e-01,  2.2324e-01,  2.8663e-01,  1.8668e-01, -1.1593e-02,
            2.5735e-01],
          [-3.9939e-01,  2.2131e-01,  3.0558e-01, -4.2815e-02, -1.7433e-01,
            4.4968e-01],
          [-4.3525e-01, -2.6338e-02,  3.4916e-01, -4.8508e-02,  5.3654e-01,
            3.2813e-02],
          [-1.9124e-01,  5.4770e-01, -3.4023e-01,  2.5152e-01,  5.0775e-01,
           -3.4090e-01],
          [-1.1359e-01,  5.6054e-01, -1.0159e-01,  5.2813e-01, -2.9148e-01,
            2.1508e-01],
          [-9.6472e-02,  2.8129e-01, -4.8733e-01,  5.9531e-01, -2.5979e-01,
            4.3918e-01]],

         ...,

         [[-8.6090e-02,  4.3390e-01,  1.2399e-02, -2.1935e-01,  2.8127e-01,
            1.2944e-01],
          [-1.9881e-01,  3.9931e-01, -3.9145e-01, -2.4509e-01,  3.6148e-01,
           -1.3125e-01],
          [-2.4413e-01,  5.3636e-01, -1.7468e-01,  1.1841e-01, -2.2785e-02,
            2.1990e-01],
          [ 3.7805e-02,  7.4227e-01, -4.0729e-01,  1.5097e-01, -3.9219e-01,
            1.8966e-01],
          [ 9.1480e-02,  4.2110e-01, -2.2779e-01,  3.0128e-01, -3.0663e-01,
            4.1466e-04],
          [ 1.8510e-01, -5.4228e-01, -4.6118e-02,  2.8690e-01, -4.2792e-01,
            1.0749e-01]],

         [[-2.2795e-01,  1.3932e-02,  3.6789e-01, -1.0665e-01, -1.0737e-01,
            2.1742e-01],
          [ 3.5900e-01, -4.0373e-01,  3.8341e-01,  4.5187e-01,  3.9265e-02,
            1.5387e-01],
          [-2.2901e-01,  2.5415e-02,  4.5266e-01, -2.0126e-01,  2.4046e-01,
            8.3931e-02],
          [-2.4881e-01,  4.0418e-01,  3.3280e-02,  2.4081e-01,  3.7532e-01,
           -1.4730e-01],
          [-9.3322e-02,  3.3359e-01, -3.9040e-01, -1.9413e-02,  5.9102e-01,
            8.0684e-02],
          [ 3.7992e-01, -5.5070e-02,  1.1298e-01,  3.1295e-01, -3.5675e-02,
            5.0646e-02]],

         [[ 1.1852e-01,  1.3624e-01, -2.7549e-01,  1.1906e-01,  5.6470e-02,
           -3.2687e-01],
          [-3.4890e-02, -1.7670e-01, -3.0661e-01, -1.7666e-01, -7.0078e-02,
           -2.9171e-01],
          [ 2.4034e-01,  4.5911e-02, -2.7552e-01,  3.4403e-01, -1.1707e-01,
           -4.3264e-02],
          [-8.6393e-02,  2.7817e-01, -2.5143e-01, -3.4548e-01,  1.0563e-01,
           -1.5673e-01],
          [ 2.3430e-01,  1.2448e-01, -9.2339e-02,  2.5402e-01, -3.3404e-01,
           -1.8385e-01],
          [ 2.8911e-02, -3.3185e-01,  1.3625e-01, -1.1797e-01, -2.1292e-01,
            9.4847e-02]]],


        [[[ 2.8692e-02,  2.8585e-02, -1.7055e-01,  1.3526e-01, -5.8553e-01,
            7.8658e-02],
          [ 5.6201e-02, -6.8160e-02,  1.5367e-01, -7.5462e-03, -8.1877e-01,
            2.5752e-02],
          [ 2.2791e-01, -2.5950e-01, -2.5481e-02,  7.1578e-01, -2.7182e-01,
           -1.8212e-01],
          [ 4.4411e-01,  1.7169e-01, -4.2844e-01,  2.0392e-01,  4.0229e-01,
           -2.1167e-01],
          [ 1.0960e-01,  4.1920e-01, -3.4147e-01, -7.8613e-04,  2.7770e-01,
            8.8625e-02],
          [-7.2858e-02, -1.7038e-01,  9.2173e-02, -3.0182e-02,  3.5207e-01,
           -3.7517e-01]],

         [[-7.7381e-02, -1.3110e-01,  5.8094e-02, -1.8954e-02, -9.3700e-03,
           -2.3145e-01],
          [-6.3318e-02, -2.5907e-01, -4.7637e-02,  2.1079e-01,  3.0529e-01,
            1.8405e-01],
          [-1.7582e-01,  3.3862e-01, -4.0911e-01, -3.1180e-01,  3.8357e-01,
            1.6745e-02],
          [-3.5207e-01, -1.6241e-01,  3.1329e-01, -8.6711e-01,  2.7257e-01,
           -1.8725e-02],
          [-3.1057e-01, -1.4265e-01, -8.1992e-02, -1.4060e-01, -7.5826e-01,
           -1.0168e-02],
          [-7.1502e-02, -4.5878e-01, -1.8733e-01, -1.4011e-01, -6.4289e-03,
           -3.3974e-01]],

         [[-1.2326e-01,  3.5660e-01,  1.1391e-02,  4.5375e-01,  3.5906e-01,
           -1.9693e-03],
          [-1.2479e-01,  1.3711e-01,  1.6545e-01, -5.6446e-03,  5.3432e-01,
           -1.1936e-01],
          [-2.6300e-01, -6.7535e-02,  6.6040e-02, -2.8642e-01,  5.4337e-01,
            1.5283e-01],
          [-6.0945e-02,  2.5336e-01,  1.1437e-01, -4.7060e-01, -2.8430e-03,
            3.2423e-01],
          [-2.8406e-01,  5.0805e-01,  4.0234e-01,  2.5684e-01, -2.0330e-01,
           -7.7509e-02],
          [-2.1809e-02,  1.6420e-02,  3.2031e-01, -3.3108e-02,  4.8670e-01,
           -2.9801e-01]],

         ...,

         [[ 3.7320e-02,  2.2330e-01,  3.6002e-01,  3.7548e-02,  3.0241e-01,
           -4.2412e-01],
          [-1.9368e-01, -2.4124e-01,  1.3980e-01, -1.3724e-01,  2.2606e-01,
           -1.7952e-01],
          [ 8.4716e-02,  4.9898e-02, -4.3668e-01,  2.5789e-02,  1.7049e-01,
           -3.5470e-01],
          [-5.0514e-02,  1.9435e-01, -3.0839e-01, -3.1605e-01,  3.4335e-01,
           -3.2967e-01],
          [ 3.3130e-01,  4.9943e-01,  3.1886e-01,  2.9277e-02,  2.3343e-01,
            1.5921e-01],
          [-2.0178e-01, -8.0908e-02, -2.0393e-01, -7.7996e-02, -1.5280e-03,
            8.4105e-02]],

         [[ 1.4298e-01, -2.7290e-02,  1.9190e-02, -6.4906e-04, -1.7054e-01,
            5.1831e-02],
          [ 2.8888e-02,  2.8482e-01,  1.4927e-01,  1.6031e-02,  5.7776e-01,
            1.3227e-01],
          [ 9.8934e-02,  4.4643e-01,  3.7606e-01, -4.2070e-01,  1.2143e-01,
            3.4257e-01],
          [-3.5895e-01, -2.7923e-01,  6.7189e-01,  3.9567e-01,  1.2416e-01,
            5.8623e-03],
          [ 3.1379e-01, -6.7648e-02, -4.9419e-02,  1.6565e-01,  2.8330e-02,
            2.5475e-01],
          [-3.6781e-02, -1.0967e-01,  7.3472e-02,  3.8968e-01, -1.3689e-03,
           -2.5058e-01]],

         [[-2.6233e-02,  2.1552e-01,  2.2950e-01, -1.1890e-02,  2.9246e-01,
           -8.0483e-02],
          [ 4.7571e-02, -1.1256e-01, -1.5554e-02, -1.5641e-01, -2.2347e-01,
            4.8296e-02],
          [-1.3479e-01, -6.7501e-02, -7.7309e-02,  1.8969e-01,  4.4194e-03,
           -3.9945e-01],
          [ 1.4756e-01, -2.2875e-01, -4.0549e-01, -2.1707e-01, -1.8863e-01,
           -9.7076e-02],
          [ 2.3870e-01,  6.9156e-02,  1.4648e-01,  4.9184e-01,  1.4875e-01,
           -3.6593e-01],
          [-1.7787e-04,  1.7390e-01, -4.0819e-01, -2.8628e-01, -6.4270e-02,
            7.3906e-02]]],


        [[[ 2.4295e-01, -6.7375e-03,  1.0279e-01,  3.0131e-01,  3.1461e-01,
           -4.8583e-02],
          [-1.2957e-01,  4.5274e-01,  1.4317e-01, -1.6709e-01,  1.0707e-01,
            2.0287e-01],
          [-1.5274e-01,  3.1360e-02, -3.7628e-01, -6.9300e-02,  1.4221e-02,
            1.4549e-01],
          [-1.4627e-03,  1.2288e-01, -2.4914e-01, -5.7384e-02,  4.4684e-01,
            1.2891e-01],
          [-6.4813e-02,  2.3219e-01,  4.8374e-01, -7.6433e-01,  2.8532e-01,
            1.7631e-01],
          [ 1.3629e-01, -6.9293e-02,  1.9150e-01, -1.1500e-02, -1.7258e-03,
            1.2560e-01]],

         [[-2.3543e-01,  9.8810e-02,  3.2234e-02,  1.5807e-01,  1.9535e-02,
            2.4309e-01],
          [-5.4108e-02, -1.1319e-01,  1.5168e-01, -1.3583e-01, -3.9793e-01,
           -6.7101e-02],
          [ 3.5472e-01,  5.2764e-02,  6.6493e-02,  2.9588e-02, -7.9103e-02,
            8.9412e-02],
          [-5.9472e-02,  4.1055e-02,  2.6235e-01, -2.0015e-01,  6.4638e-02,
           -8.8008e-02],
          [-1.1543e-03, -4.1199e-01,  4.3698e-01,  6.7034e-04, -3.5430e-01,
            1.8096e-02],
          [ 1.9534e-01,  2.5169e-01, -7.2411e-02,  3.2270e-01, -7.6031e-03,
           -9.4234e-02]],

         [[ 1.3859e-01,  1.9450e-01,  8.3191e-02, -2.5798e-01,  1.1922e-01,
            2.3861e-01],
          [-1.0288e-01, -2.1977e-02,  9.4205e-02,  4.7442e-01,  1.3987e-01,
            4.1520e-02],
          [-1.9388e-01,  1.0550e-01,  8.0338e-02,  2.8342e-01, -2.5073e-01,
            1.4731e-01],
          [ 3.2426e-01,  2.0433e-01,  1.5539e-01,  1.0125e-01, -3.5861e-02,
            4.0464e-01],
          [ 2.4060e-02, -3.5391e-01,  3.5915e-01,  7.9998e-02,  2.8934e-01,
            1.0828e-01],
          [-2.6230e-01, -1.9586e-01, -1.9904e-01,  2.6733e-01,  3.0039e-01,
           -1.8563e-01]],

         ...,

         [[ 2.3419e-02, -9.9082e-04, -3.3566e-01,  4.5740e-02,  2.8007e-02,
            9.6524e-02],
          [-1.5787e-01, -5.2603e-02,  1.1115e-02, -3.1082e-01, -2.3124e-01,
            2.4518e-01],
          [ 3.9079e-01, -2.2799e-01, -1.9647e-01, -3.4200e-01, -1.9443e-01,
            1.0598e-01],
          [ 2.4212e-01,  9.3312e-02,  2.9031e-01, -5.1331e-03, -1.7804e-02,
           -2.2202e-01],
          [-3.7510e-01, -3.4602e-01,  1.6273e-01, -1.8069e-01, -2.7654e-01,
            1.1166e-01],
          [ 2.3216e-01, -9.0459e-02, -7.2101e-02,  5.4638e-02, -4.1716e-01,
            8.9675e-02]],

         [[-2.9172e-01, -1.8930e-01,  1.1226e-01,  2.5831e-01,  1.3436e-01,
            1.4761e-01],
          [ 2.0473e-01,  1.8531e-01,  1.2718e-01,  2.6604e-01, -7.1874e-02,
           -7.9479e-02],
          [-4.4154e-02,  2.9706e-01,  4.0015e-02,  7.2533e-02,  5.5376e-01,
            1.5822e-01],
          [ 1.3133e-01, -2.3828e-01,  1.4075e-01,  2.9139e-01, -2.4131e-01,
            1.7490e-01],
          [ 2.9453e-01,  2.6532e-01,  1.7213e-02,  3.4179e-01,  3.9032e-01,
            1.1927e-02],
          [ 1.3289e-01,  4.3408e-02, -4.6385e-01,  2.8330e-01, -1.5623e-03,
           -1.4604e-01]],

         [[ 7.3045e-02, -6.6121e-02, -2.2801e-01, -1.7104e-01, -7.4878e-02,
           -7.2944e-02],
          [-1.5340e-01, -8.6602e-02, -8.5213e-03, -9.8227e-02,  2.6979e-01,
            1.0990e-01],
          [ 2.5306e-01, -1.0595e-01, -1.2664e-01,  8.1216e-02, -2.3740e-01,
           -2.1291e-01],
          [ 4.7669e-02,  3.9407e-01,  2.1587e-01, -1.7811e-02,  3.3566e-01,
           -2.2831e-01],
          [-2.1276e-01, -3.9583e-01, -2.4180e-01, -1.1878e-01, -3.4568e-01,
            9.0175e-02],
          [ 1.7617e-01,  3.4602e-01,  2.7379e-01, -1.5350e-01,  4.7477e-02,
            1.1138e-01]]]], requires_grad=True)

=====================================================================
FINAL STATUS
=====================================================================

+------------+--------------+--------+-----------+
|   Worker # | IP           |   Port | Status    |
+============+==============+========+===========+
|          1 | 10.125.46.32 |   5001 | Connected |
+------------+--------------+--------+-----------+
|          2 | 10.125.46.32 |   5002 | Connected |
+------------+--------------+--------+-----------+

Training Complete.
